timestamp pid cpu-percent
1791474691 74659   0.0
1791474692 74659   1.0
1791474693 74659   0.0
1791474694 74659   0.0
1791474695 74659   0.0
1791474696 74659   0.0
1791474697 74659   0.0
1791474698 74659   0.0
1791474699 74659   0.0
1791474700 74659   0.0
1791474701 74659   0.0
1791474702 74659   0.0
1791474703 74659   0.0
1791474704 74659   0.0
1791474705 74659   0.0
1791474706 74659   0.0
1791474707 74659   0.0
1791474708 74659   0.0
1791474709 74659   2.5
1791474710 74659   0.0
1791474711 74659   0.0
1791474712 74659   0.0
1791474713 74659   0.0
1791474714 74659   0.0
1791474715 74659   0.0
1791474716 74659   0.0
1791474717 74659   0.0
1791474718 74659   0.0
1791474719 74659   1.1
1791474720 74659   2.9
1791474721 74659   0.1
1791474722 74659   0.0
1791474723 74659   0.0
1791474724 74659   0.0
1791474725 74659   2.0
1791474726 74659   3.6
1791474727 74659   3.7
1791474728 74659   4.2
1791474729 74659   7.6
1791474730 74659   4.4
1791474731 74659  14.8
1791474732 74659  14.1
1791474733 74659  13.2
1791474734 74659  13.3
1791474735 74659  14.5
1791474736 74659  11.0
1791474737 74659   1.6
1791474738 74659   0.0
1791474740 74659   0.0
1791474741 74659   2.3
1791474742 74659   0.4
1791474743 74659   0.0
1791474744 74659   0.0
1791474745 74659   0.0
1791474746 74659   0.0
1791474747 74659   0.0
1791474748 74659   0.0
1791474749 74659   0.0
1791474750 74659   0.0
1791474751 74659   0.0
1791474752 74659   0.0
1791474753 74659   0.0
1791474754 74659   0.0
1791474755 74659   0.0
1791474756 74659   0.0
1791474757 74659   0.0
1791474758 74659   0.0
1791474759 74659   0.0
1791474760 74659   0.0
1791474761 74659   0.0
1791474762 74659   0.8
1791474763 74659   0.5
1791474764 74659   1.7
1791474765 74659   0.4
1791474766 74659   1.0
1791474767 74659   0.6
1791474768 74659   0.0
1791474769 74659   0.0
1791474770 74659   0.0
1791474771 74659   0.0
1791474772 74659   0.0
1791474773 74659   0.0
1791474774 74659   0.0
1791474775 74659   0.0
1791474776 74659   0.0
1791474777 74659   0.0
1791474778 74659   0.0
1791474779 74659   0.0
1791474780 74659   0.0
1791474781 74659   0.0
1791474782 74659   0.7
1791474783 74659   0.0
1791474784 74659   0.0
1791474785 74659   0.0
1791474786 74659   0.0
1791474787 74659   0.0
1791474788 74659   0.0
1791474789 74659   0.0
1791474790 74659   0.0
1791474791 74659   0.2
1791474792 74659   0.0
1791474793 74659   0.0
1791474794 74659   0.0
1791474795 74659   0.0
1791474796 74659   0.0
1791474797 74659   0.0
1791474798 74659   0.0
1791474799 74659   0.0
1791474800 74659   0.0
1791474801 74659   0.0
1791474802 74659   0.0
1791474803 74659   0.2
1791474804 74659   0.0
1791474805 74659   0.0
1791474806 74659   0.0
1791474808 74659   0.0
1791474809 74659   0.0
1791474810 74659   0.0
1791474811 74659   0.0
